20

200001 20 0 0 9000 1000000 5 5
0 10000 0 10000
1 9999 1 9999
2 9998 2 9998
3 9997 3 9997
4 9996 4 9996
5 9995 5 9995
6 9994 6 9994
7 9993 7 9993
8 9992 8 9992
9 9991 9 9991
10 9990 10 9990
11 9989 11 9989
12 9988 12 9988
13 9987 13 9987
14 9986 14 9986
15 9985 15 9985
16 9984 16 9984
17 9983 17 9983
18 9982 18 9982
19 9981 19 9981

8 8 1 1 1 1 1 1
1 3 1 3
2 5 6 10
4 8 5 8
6 9 2 4
7 11 11 13
10 13 7 9
12 16 14 15
14 15 12 16

260000 6 11 1 0 15 2 4
0 1 0 1
111150 111151 111150 111151
111152 111153 111152 111153
2 3 2 3
4 5 4 5
111154 111155 11154 11155

150000 3 17 123 87 11 33 33
1 2 1000 1001
0 10 0 10
990 999 990 999

190000 200 22 11 2 5741 10 6
467 485 199 280
345 390 238 460
182 385 52 483
301 330 125 294
434 464 95 365
196 456 104 200
118 483 233 309
389 465 52 322
134 136 340 389
267 348 60 225
321 445 448 486
455 474 349 494
231 456 375 409
141 169 274 403
379 408 53 164
407 436 371 397
174 398 489 498
376 389 9 15
181 206 469 489
398 467 107 198
73 89 127 384
396 402 453 488
476 484 459 493
481 493 152 338
21 71 338 451
408 447 277 397
142 497 352 390
55 137 19 256
270 429 153 483
38 410 493 495
227 268 429 473
273 465 488 500
119 464 8 68
73 124 332 349
54 399 45 102
278 417 58 371
83 246 390 445
204 326 293 425
117 375 323 411
469 472 209 325
381 423 186 273
404 471 307 482
139 408 105 210
35 337 44 92
218 392 285 398
448 482 479 480
261 386 216 433
434 482 449 468
294 314 56 166
393 424 327 464
408 410 438 486
139 209 449 488
136 365 332 409
36 291 156 465
107 244 249 287
395 422 397 423
248 321 206 340
76 360 424 480
383 411 228 495
395 476 219 479
103 454 278 361
475 486 49 344
109 206 256 364
432 471 330 415
149 236 399 492
60 323 326 425
16 95 1 152
121 282 440 477
359 432 78 493
451 474 416 444
116 394 81 483
17 156 452 487
130 201 186 408
182 260 365 367
444 447 131 188
378 431 458 470
36 179 56 489
496 498 231 460
441 479 355 434
307 380 423 429
254 410 145 376
290 369 265 320
304 430 290 349
124 323 384 424
226 389 168 397
154 218 111 362
274 441 382 398
413 467 10 74
215 311 48 238
262 355 162 328
134 188 355 409
281 282 60 320
343 370 260 322
233 297 224 249
29 444 437 473
177 340 366 470
197 344 394 489
465 491 79 430
184 434 414 445
447 462 335 394
344 495 369 461
179 232 172 220
351 433 461 491
485 493 201 240
55 184 58 316
78 189 50 251
39 63 485 490
46 304 253 467
497 500 300 460
403 425 303 363
338 477 487 489
162 297 331 374
290 338 16 437
145 363 199 453
186 470 139 146
132 384 326 442
5 436 447 479
169 206 395 418
356 378 380 405
34 419 403 442
38 359 458 469
106 306 163 450
169 291 309 489
70 143 177 429
468 474 139 210
228 271 400 441
203 472 291 305
322 407 493 495
101 172 409 437
208 247 65 71
179 456 167 251
474 475 375 403
54 196 347 453
83 119 157 169
321 326 285 459
495 499 112 319
74 121 158 473
348 388 237 317
196 297 448 452
452 470 205 441
127 162 41 154
146 175 452 456
130 213 392 482
297 299 211 494
260 469 483 487
374 375 7 340
172 346 64 327
119 134 475 482
85 296 33 225
259 414 230 397
413 470 498 499
432 460 398 489
93 486 178 419
104 199 406 427
148 320 249 398
336 479 131 310
238 493 110 486
196 324 136 500
90 116 196 208
86 337 253 492
77 203 262 464
65 364 103 150
455 477 472 484
361 488 121 265
345 450 366 480
398 460 468 472
304 474 426 478
185 342 161 404
105 367 26 431
372 443 446 488
236 384 36 483
319 372 130 231
36 377 151 383
180 377 400 485
372 443 465 486
289 392 457 462
82 499 388 464
197 434 146 277
439 475 222 446
463 478 327 331
486 487 357 437
43 297 389 398
222 239 76 169
290 497 471 473
438 495 443 478
95 155 291 327
248 393 152 202
200 444 236 269
327 500 230 275
37 229 363 397
28 296 367 373
147 339 199 457
83 389 369 431
152 159 11 285
53 314 412 490
145 434 30 312
157 267 406 486
426 461 384 484
77 249 306 449
449 464 466 474

180000 15 45 99 1 5741 10000 10000
9610 9838 6107 8555
6924 7047 4091 6292
623 1930 2696 8770
8021 9152 5366 9211
9658 9740 4939 5107
8162 9544 1890 7436
5860 8558 7545 9924
2834 9238 6773 8765
5014 8173 8392 9922
2112 2602 5182 7099
5106 9132 3951 5714
5392 7992 7991 9894
319 9877 7087 7800
5106 6968 696 1046
3732 8409 575 692

100000 50 200 4 33 1001 20 20
0 50 200 250
425 475 225 275
450 500 650 700
875 925 675 725
900 950 1100 1150
1325 1375 1125 1175
1350 1400 1550 1600
1775 1825 1575 1625
1800 1850 2000 2050
2225 2275 2025 2075
2250 2300 2450 2500
2675 2725 2475 2525
2700 2750 2900 2950
3125 3175 2925 2975
3150 3200 3350 3400
3575 3625 3375 3425
3600 3650 3800 3850
4025 4075 3825 3875
4050 4100 4250 4300
4475 4525 4275 4325
4500 4550 4700 4750
4925 4975 4725 4775
4950 5000 5150 5200
5375 5425 5175 5225
5400 5450 5600 5650
5825 5875 5625 5675
5850 5900 6050 6100
6275 6325 6075 6125
6300 6350 6500 6550
6725 6775 6525 6575
6750 6800 6950 7000
7175 7225 6975 7025
7200 7250 7400 7450
7625 7675 7425 7475
7650 7700 7850 7900
8075 8125 7875 7925
8100 8150 8300 8350
8525 8575 8325 8375
8550 8600 8750 8800
8975 9025 8775 8825
9000 9050 9200 9250
9425 9475 9225 9275
9450 9500 9650 9700
9875 9925 9675 9725
9900 9950 10100 10150
10325 10375 10125 10175
10350 10400 10550 10600
10775 10825 10575 10625
10800 10850 11000 11050
11225 11275 11025 11075

150 6 7 3 15 100001 50 50
10 2000 1000 1050
12310 1232000 1231000 1231050
50 3000 10 2000
12350 1231000 12310 1232000
1 5 3000 3015
1231 1235 1233000 1233015

1000 2 3 2 7 17 10 10
2 9 2 9
1 10 1 10

10000 1 0 0 1 2 1 1
1 10000 1 100000

300000 150 17 17 17 5741 1 1
1 4 1 3
1 3 1 2
2 4 2 3
2 3 1 4
2 4 2 4
2 3 1 4
2 3 1 4
2 4 1 2
2 4 1 3
2 3 1 2
2 4 1 3
1 3 2 4
1 4 1 3
2 3 2 4
1 3 2 3
1 2 1 4
1 2 2 4
1 3 1 2
2 3 2 3
1 4 2 3
1 4 1 4
2 4 1 2
2 3 2 4
2 3 2 3
1 2 2 3
2 3 1 3
2 3 1 4
1 3 2 3
2 3 1 2
1 4 1 4
1 2 1 3
1 2 1 2
1 4 2 3
2 4 2 4
1 3 1 3
1 2 2 3
1 2 2 3
2 4 2 4
1 2 1 3
2 4 2 3
1 2 1 4
2 4 2 4
1 4 1 4
2 3 2 4
2 3 1 3
1 3 2 4
1 3 2 3
2 4 1 2
2 4 1 2
2 3 1 2
2 3 1 3
1 3 2 4
2 3 1 4
2 4 2 3
1 3 2 3
2 3 1 3
2 4 2 3
1 3 2 4
2 3 2 4
2 4 1 2
1 4 1 3
2 4 2 4
1 2 1 2
2 4 1 3
1 3 2 3
1 2 2 3
1 3 1 3
1 4 2 4
1 4 1 2
2 4 1 4
2 3 1 4
2 4 1 3
2 4 1 3
2 4 2 4
1 3 2 4
2 3 1 3
2 4 2 3
2 3 2 3
2 4 1 2
1 2 1 4
2 3 1 3
1 2 2 3
1 2 1 3
2 3 1 4
2 3 1 2
2 3 1 2
2 4 2 3
2 3 2 4
1 2 1 4
1 4 2 3
1 3 2 4
2 3 1 4
1 4 2 3
2 4 2 4
1 3 2 4
1 2 1 4
1 3 1 4
1 2 2 3
1 3 2 4
2 3 1 2
2 3 1 3
1 2 2 4
2 3 1 3
2 4 2 4
1 3 1 2
2 4 1 4
2 4 2 4
1 3 1 3
1 3 1 4
2 3 2 3
2 3 2 4
2 4 2 3
2 4 2 4
1 2 2 4
1 2 2 4
2 4 2 4
1 2 2 3
2 3 2 4
2 4 2 4
2 3 1 3
2 4 1 3
1 2 1 2
2 4 1 2
1 3 2 3
1 4 1 4
1 4 2 4
1 2 1 3
2 4 1 4
1 2 2 3
2 4 2 4
2 3 1 4
2 4 1 4
1 2 1 2
1 3 1 3
1 4 1 4
2 3 1 2
1 2 1 3
1 4 2 3
1 2 2 4
1 2 1 4
1 2 1 2
1 2 1 4
2 4 1 4
1 4 2 3
2 3 1 2
2 3 2 3
1 4 2 3
1 4 2 3
1 2 2 4
1 2 2 3

1000 1000 1 2 3 17 10 10
11 20 33 43
1 10 1 10
5 6 40 45
6 20 35 46
-3 13 7 9
0 2 42 43
2 18 41 43
-8 6 9 20
-4 -2 48 50
-3 11 43 54
-12 4 15 17
-9 -7 50 51
-7 9 49 51
-17 -3 17 28
-13 -11 56 58
-12 2 51 62
-21 -5 23 25
-18 -16 58 59
-16 0 57 59
-26 -12 25 36
-22 -20 64 66
-21 -7 59 70
-30 -14 31 33
-27 -25 66 67
-25 -9 65 67
-35 -21 33 44
-31 -29 72 74
-30 -16 67 78
-39 -23 39 41
-36 -34 74 75
-34 -18 73 75
-44 -30 41 52
-40 -38 80 82
-39 -25 75 86
-48 -32 47 49
-45 -43 82 83
-43 -27 81 83
-53 -39 49 60
-49 -47 88 90
-48 -34 83 94
-57 -41 55 57
-54 -52 90 91
-52 -36 89 91
-62 -48 57 68
-58 -56 96 98
-57 -43 91 102
-66 -50 63 65
-63 -61 98 99
-61 -45 97 99
-71 -57 65 76
-67 -65 104 106
-66 -52 99 110
-75 -59 71 73
-72 -70 106 107
-70 -54 105 107
-80 -66 73 84
-76 -74 112 114
-75 -61 107 118
-84 -68 79 81
-81 -79 114 115
-79 -63 113 115
-89 -75 81 92
-85 -83 120 122
-84 -70 115 126
-93 -77 87 89
-90 -88 122 123
-88 -72 121 123
-98 -84 89 100
-94 -92 128 130
-93 -79 123 134
-102 -86 95 97
-99 -97 130 131
-97 -81 129 131
-107 -93 97 108
-103 -101 136 138
-102 -88 131 142
-111 -95 103 105
-108 -106 138 139
-106 -90 137 139
-116 -102 105 116
-112 -110 144 146
-111 -97 139 150
-120 -104 111 113
-117 -115 146 147
-115 -99 145 147
-125 -111 113 124
-121 -119 152 154
-120 -106 147 158
-129 -113 119 121
-126 -124 154 155
-124 -108 153 155
-134 -120 121 132
-130 -128 160 162
-129 -115 155 166
-138 -122 127 129
-135 -133 162 163
-133 -117 161 163
-143 -129 129 140
-139 -137 168 170
-138 -124 163 174
-147 -131 135 137
-144 -142 170 171
-142 -126 169 171
-152 -138 137 148
-148 -146 176 178
-147 -133 171 182
-156 -140 143 145
-153 -151 178 179
-151 -135 177 179
-161 -147 145 156
-157 -155 184 186
-156 -142 179 190
-165 -149 151 153
-162 -160 186 187
-160 -144 185 187
-170 -156 153 164
-166 -164 192 194
-165 -151 187 198
-174 -158 159 161
-171 -169 194 195
-169 -153 193 195
-179 -165 161 172
-175 -173 200 202
-174 -160 195 206
-183 -167 167 169
-180 -178 202 203
-178 -162 201 203
-188 -174 169 180
-184 -182 208 210
-183 -169 203 214
-192 -176 175 177
-189 -187 210 211
-187 -171 209 211
-197 -183 177 188
-193 -191 216 218
-192 -178 211 222
-201 -185 183 185
-198 -196 218 219
-196 -180 217 219
-206 -192 185 196
-202 -200 224 226
-201 -187 219 230
-210 -194 191 193
-207 -205 226 227
-205 -189 225 227
-215 -201 193 204
-211 -209 232 234
-210 -196 227 238
-219 -203 199 201
-216 -214 234 235
-214 -198 233 235
-224 -210 201 212
-220 -218 240 242
-219 -205 235 246
-228 -212 207 209
-225 -223 242 243
-223 -207 241 243
-233 -219 209 220
-229 -227 248 250
-228 -214 243 254
-237 -221 215 217
-234 -232 250 251
-232 -216 249 251
-242 -228 217 228
-238 -236 256 258
-237 -223 251 262
-246 -230 223 225
-243 -241 258 259
-241 -225 257 259
-251 -237 225 236
-247 -245 264 266
-246 -232 259 270
-255 -239 231 233
-252 -250 266 267
-250 -234 265 267
-260 -246 233 244
-256 -254 272 274
-255 -241 267 278
-264 -248 239 241
-261 -259 274 275
-259 -243 273 275
-269 -255 241 252
-265 -263 280 282
-264 -250 275 286
-273 -257 247 249
-270 -268 282 283
-268 -252 281 283
-278 -264 249 260
-274 -272 288 290
-273 -259 283 294
-282 -266 255 257
-279 -277 290 291
-277 -261 289 291
-287 -273 257 268
-283 -281 296 298
-282 -268 291 302
-291 -275 263 265
-288 -286 298 299
-286 -270 297 299
-296 -282 265 276
-292 -290 304 306
-291 -277 299 310
-300 -284 271 273
-297 -295 306 307
-295 -279 305 307
-305 -291 273 284
-301 -299 312 314
-300 -286 307 318
-309 -293 279 281
-306 -304 314 315
-304 -288 313 315
-314 -300 281 292
-310 -308 320 322
-309 -295 315 326
-318 -302 287 289
-315 -313 322 323
-313 -297 321 323
-323 -309 289 300
-319 -317 328 330
-318 -304 323 334
-327 -311 295 297
-324 -322 330 331
-322 -306 329 331
-332 -318 297 308
-328 -326 336 338
-327 -313 331 342
-336 -320 303 305
-333 -331 338 339
-331 -315 337 339
-341 -327 305 316
-337 -335 344 346
-336 -322 339 350
-345 -329 311 313
-342 -340 346 347
-340 -324 345 347
-350 -336 313 324
-346 -344 352 354
-345 -331 347 358
-354 -338 319 321
-351 -349 354 355
-349 -333 353 355
-359 -345 321 332
-355 -353 360 362
-354 -340 355 366
-363 -347 327 329
-360 -358 362 363
-358 -342 361 363
-368 -354 329 340
-364 -362 368 370
-363 -349 363 374
-372 -356 335 337
-369 -367 370 371
-367 -351 369 371
-377 -363 337 348
-373 -371 376 378
-372 -358 371 382
-381 -365 343 345
-378 -376 378 379
-376 -360 377 379
-386 -372 345 356
-382 -380 384 386
-381 -367 379 390
-390 -374 351 353
-387 -385 386 387
-385 -369 385 387
-395 -381 353 364
-391 -389 392 394
-390 -376 387 398
-399 -383 359 361
-396 -394 394 395
-394 -378 393 395
-404 -390 361 372
-400 -398 400 402
-399 -385 395 406
-408 -392 367 369
-405 -403 402 403
-403 -387 401 403
-413 -399 369 380
-409 -407 408 410
-408 -394 403 414
-417 -401 375 377
-414 -412 410 411
-412 -396 409 411
-422 -408 377 388
-418 -416 416 418
-417 -403 411 422
-426 -410 383 385
-423 -421 418 419
-421 -405 417 419
-431 -417 385 396
-427 -425 424 426
-426 -412 419 430
-435 -419 391 393
-432 -430 426 427
-430 -414 425 427
-440 -426 393 404
-436 -434 432 434
-435 -421 427 438
-444 -428 399 401
-441 -439 434 435
-439 -423 433 435
-449 -435 401 412
-445 -443 440 442
-444 -430 435 446
-453 -437 407 409
-450 -448 442 443
-448 -432 441 443
-458 -444 409 420
-454 -452 448 450
-453 -439 443 454
-462 -446 415 417
-459 -457 450 451
-457 -441 449 451
-467 -453 417 428
-463 -461 456 458
-462 -448 451 462
-471 -455 423 425
-468 -466 458 459
-466 -450 457 459
-476 -462 425 436
-472 -470 464 466
-471 -457 459 470
-480 -464 431 433
-477 -475 466 467
-475 -459 465 467
-485 -471 433 444
-481 -479 472 474
-480 -466 467 478
-489 -473 439 441
-486 -484 474 475
-484 -468 473 475
-494 -480 441 452
-490 -488 480 482
-489 -475 475 486
-498 -482 447 449
-495 -493 482 483
-493 -477 481 483
-503 -489 449 460
-499 -497 488 490
-498 -484 483 494
-507 -491 455 457
-504 -502 490 491
-502 -486 489 491
-512 -498 457 468
-508 -506 496 498
-507 -493 491 502
-516 -500 463 465
-513 -511 498 499
-511 -495 497 499
-521 -507 465 476
-517 -515 504 506
-516 -502 499 510
-525 -509 471 473
-522 -520 506 507
-520 -504 505 507
-530 -516 473 484
-526 -524 512 514
-525 -511 507 518
-534 -518 479 481
-531 -529 514 515
-529 -513 513 515
-539 -525 481 492
-535 -533 520 522
-534 -520 515 526
-543 -527 487 489
-540 -538 522 523
-538 -522 521 523
-548 -534 489 500
-544 -542 528 530
-543 -529 523 534
-552 -536 495 497
-549 -547 530 531
-547 -531 529 531
-557 -543 497 508
-553 -551 536 538
-552 -538 531 542
-561 -545 503 505
-558 -556 538 539
-556 -540 537 539
-566 -552 505 516
-562 -560 544 546
-561 -547 539 550
-570 -554 511 513
-567 -565 546 547
-565 -549 545 547
-575 -561 513 524
-571 -569 552 554
-570 -556 547 558
-579 -563 519 521
-576 -574 554 555
-574 -558 553 555
-584 -570 521 532
-580 -578 560 562
-579 -565 555 566
-588 -572 527 529
-585 -583 562 563
-583 -567 561 563
-593 -579 529 540
-589 -587 568 570
-588 -574 563 574
-597 -581 535 537
-594 -592 570 571
-592 -576 569 571
-602 -588 537 548
-598 -596 576 578
-597 -583 571 582
-606 -590 543 545
-603 -601 578 579
-601 -585 577 579
-611 -597 545 556
-607 -605 584 586
-606 -592 579 590
-615 -599 551 553
-612 -610 586 587
-610 -594 585 587
-620 -606 553 564
-616 -614 592 594
-615 -601 587 598
-624 -608 559 561
-621 -619 594 595
-619 -603 593 595
-629 -615 561 572
-625 -623 600 602
-624 -610 595 606
-633 -617 567 569
-630 -628 602 603
-628 -612 601 603
-638 -624 569 580
-634 -632 608 610
-633 -619 603 614
-642 -626 575 577
-639 -637 610 611
-637 -621 609 611
-647 -633 577 588
-643 -641 616 618
-642 -628 611 622
-651 -635 583 585
-648 -646 618 619
-646 -630 617 619
-656 -642 585 596
-652 -650 624 626
-651 -637 619 630
-660 -644 591 593
-657 -655 626 627
-655 -639 625 627
-665 -651 593 604
-661 -659 632 634
-660 -646 627 638
-669 -653 599 601
-666 -664 634 635
-664 -648 633 635
-674 -660 601 612
-670 -668 640 642
-669 -655 635 646
-678 -662 607 609
-675 -673 642 643
-673 -657 641 643
-683 -669 609 620
-679 -677 648 650
-678 -664 643 654
-687 -671 615 617
-684 -682 650 651
-682 -666 649 651
-692 -678 617 628
-688 -686 656 658
-687 -673 651 662
-696 -680 623 625
-693 -691 658 659
-691 -675 657 659
-701 -687 625 636
-697 -695 664 666
-696 -682 659 670
-705 -689 631 633
-702 -700 666 667
-700 -684 665 667
-710 -696 633 644
-706 -704 672 674
-705 -691 667 678
-714 -698 639 641
-711 -709 674 675
-709 -693 673 675
-719 -705 641 652
-715 -713 680 682
-714 -700 675 686
-723 -707 647 649
-720 -718 682 683
-718 -702 681 683
-728 -714 649 660
-724 -722 688 690
-723 -709 683 694
-732 -716 655 657
-729 -727 690 691
-727 -711 689 691
-737 -723 657 668
-733 -731 696 698
-732 -718 691 702
-741 -725 663 665
-738 -736 698 699
-736 -720 697 699
-746 -732 665 676
-742 -740 704 706
-741 -727 699 710
-750 -734 671 673
-747 -745 706 707
-745 -729 705 707
-755 -741 673 684
-751 -749 712 714
-750 -736 707 718
-759 -743 679 681
-756 -754 714 715
-754 -738 713 715
-764 -750 681 692
-760 -758 720 722
-759 -745 715 726
-768 -752 687 689
-765 -763 722 723
-763 -747 721 723
-773 -759 689 700
-769 -767 728 730
-768 -754 723 734
-777 -761 695 697
-774 -772 730 731
-772 -756 729 731
-782 -768 697 708
-778 -776 736 738
-777 -763 731 742
-786 -770 703 705
-783 -781 738 739
-781 -765 737 739
-791 -777 705 716
-787 -785 744 746
-786 -772 739 750
-795 -779 711 713
-792 -790 746 747
-790 -774 745 747
-800 -786 713 724
-796 -794 752 754
-795 -781 747 758
-804 -788 719 721
-801 -799 754 755
-799 -783 753 755
-809 -795 721 732
-805 -803 760 762
-804 -790 755 766
-813 -797 727 729
-810 -808 762 763
-808 -792 761 763
-818 -804 729 740
-814 -812 768 770
-813 -799 763 774
-822 -806 735 737
-819 -817 770 771
-817 -801 769 771
-827 -813 737 748
-823 -821 776 778
-822 -808 771 782
-831 -815 743 745
-828 -826 778 779
-826 -810 777 779
-836 -822 745 756
-832 -830 784 786
-831 -817 779 790
-840 -824 751 753
-837 -835 786 787
-835 -819 785 787
-845 -831 753 764
-841 -839 792 794
-840 -826 787 798
-849 -833 759 761
-846 -844 794 795
-844 -828 793 795
-854 -840 761 772
-850 -848 800 802
-849 -835 795 806
-858 -842 767 769
-855 -853 802 803
-853 -837 801 803
-863 -849 769 780
-859 -857 808 810
-858 -844 803 814
-867 -851 775 777
-864 -862 810 811
-862 -846 809 811
-872 -858 777 788
-868 -866 816 818
-867 -853 811 822
-876 -860 783 785
-873 -871 818 819
-871 -855 817 819
-881 -867 785 796
-877 -875 824 826
-876 -862 819 830
-885 -869 791 793
-882 -880 826 827
-880 -864 825 827
-890 -876 793 804
-886 -884 832 834
-885 -871 827 838
-894 -878 799 801
-891 -889 834 835
-889 -873 833 835
-899 -885 801 812
-895 -893 840 842
-894 -880 835 846
-903 -887 807 809
-900 -898 842 843
-898 -882 841 843
-908 -894 809 820
-904 -902 848 850
-903 -889 843 854
-912 -896 815 817
-909 -907 850 851
-907 -891 849 851
-917 -903 817 828
-913 -911 856 858
-912 -898 851 862
-921 -905 823 825
-918 -916 858 859
-916 -900 857 859
-926 -912 825 836
-922 -920 864 866
-921 -907 859 870
-930 -914 831 833
-927 -925 866 867
-925 -909 865 867
-935 -921 833 844
-931 -929 872 874
-930 -916 867 878
-939 -923 839 841
-936 -934 874 875
-934 -918 873 875
-944 -930 841 852
-940 -938 880 882
-939 -925 875 886
-948 -932 847 849
-945 -943 882 883
-943 -927 881 883
-953 -939 849 860
-949 -947 888 890
-948 -934 883 894
-957 -941 855 857
-954 -952 890 891
-952 -936 889 891
-962 -948 857 868
-958 -956 896 898
-957 -943 891 902
-966 -950 863 865
-963 -961 898 899
-961 -945 897 899
-971 -957 865 876
-967 -965 904 906
-966 -952 899 910
-975 -959 871 873
-972 -970 906 907
-970 -954 905 907
-980 -966 873 884
-976 -974 912 914
-975 -961 907 918
-984 -968 879 881
-981 -979 914 915
-979 -963 913 915
-989 -975 881 892
-985 -983 920 922
-984 -970 915 926
-993 -977 887 889
-990 -988 922 923
-988 -972 921 923
-998 -984 889 900
-994 -992 928 930
-993 -979 923 934
-1002 -986 895 897
-999 -997 930 931
-997 -981 929 931
-1007 -993 897 908
-1003 -1001 936 938
-1002 -988 931 942
-1011 -995 903 905
-1008 -1006 938 939
-1006 -990 937 939
-1016 -1002 905 916
-1012 -1010 944 946
-1011 -997 939 950
-1020 -1004 911 913
-1017 -1015 946 947
-1015 -999 945 947
-1025 -1011 913 924
-1021 -1019 952 954
-1020 -1006 947 958
-1029 -1013 919 921
-1026 -1024 954 955
-1024 -1008 953 955
-1034 -1020 921 932
-1030 -1028 960 962
-1029 -1015 955 966
-1038 -1022 927 929
-1035 -1033 962 963
-1033 -1017 961 963
-1043 -1029 929 940
-1039 -1037 968 970
-1038 -1024 963 974
-1047 -1031 935 937
-1044 -1042 970 971
-1042 -1026 969 971
-1052 -1038 937 948
-1048 -1046 976 978
-1047 -1033 971 982
-1056 -1040 943 945
-1053 -1051 978 979
-1051 -1035 977 979
-1061 -1047 945 956
-1057 -1055 984 986
-1056 -1042 979 990
-1065 -1049 951 953
-1062 -1060 986 987
-1060 -1044 985 987
-1070 -1056 953 964
-1066 -1064 992 994
-1065 -1051 987 998
-1074 -1058 959 961
-1071 -1069 994 995
-1069 -1053 993 995
-1079 -1065 961 972
-1075 -1073 1000 1002
-1074 -1060 995 1006
-1083 -1067 967 969
-1080 -1078 1002 1003
-1078 -1062 1001 1003
-1088 -1074 969 980
-1084 -1082 1008 1010
-1083 -1069 1003 1014
-1092 -1076 975 977
-1089 -1087 1010 1011
-1087 -1071 1009 1011
-1097 -1083 977 988
-1093 -1091 1016 1018
-1092 -1078 1011 1022
-1101 -1085 983 985
-1098 -1096 1018 1019
-1096 -1080 1017 1019
-1106 -1092 985 996
-1102 -1100 1024 1026
-1101 -1087 1019 1030
-1110 -1094 991 993
-1107 -1105 1026 1027
-1105 -1089 1025 1027
-1115 -1101 993 1004
-1111 -1109 1032 1034
-1110 -1096 1027 1038
-1119 -1103 999 1001
-1116 -1114 1034 1035
-1114 -1098 1033 1035
-1124 -1110 1001 1012
-1120 -1118 1040 1042
-1119 -1105 1035 1046
-1128 -1112 1007 1009
-1125 -1123 1042 1043
-1123 -1107 1041 1043
-1133 -1119 1009 1020
-1129 -1127 1048 1050
-1128 -1114 1043 1054
-1137 -1121 1015 1017
-1134 -1132 1050 1051
-1132 -1116 1049 1051
-1142 -1128 1017 1028
-1138 -1136 1056 1058
-1137 -1123 1051 1062
-1146 -1130 1023 1025
-1143 -1141 1058 1059
-1141 -1125 1057 1059
-1151 -1137 1025 1036
-1147 -1145 1064 1066
-1146 -1132 1059 1070
-1155 -1139 1031 1033
-1152 -1150 1066 1067
-1150 -1134 1065 1067
-1160 -1146 1033 1044
-1156 -1154 1072 1074
-1155 -1141 1067 1078
-1164 -1148 1039 1041
-1161 -1159 1074 1075
-1159 -1143 1073 1075
-1169 -1155 1041 1052
-1165 -1163 1080 1082
-1164 -1150 1075 1086
-1173 -1157 1047 1049
-1170 -1168 1082 1083
-1168 -1152 1081 1083
-1178 -1164 1049 1060
-1174 -1172 1088 1090
-1173 -1159 1083 1094
-1182 -1166 1055 1057
-1179 -1177 1090 1091
-1177 -1161 1089 1091
-1187 -1173 1057 1068
-1183 -1181 1096 1098
-1182 -1168 1091 1102
-1191 -1175 1063 1065
-1188 -1186 1098 1099
-1186 -1170 1097 1099
-1196 -1182 1065 1076
-1192 -1190 1104 1106
-1191 -1177 1099 1110
-1200 -1184 1071 1073
-1197 -1195 1106 1107
-1195 -1179 1105 1107
-1205 -1191 1073 1084
-1201 -1199 1112 1114
-1200 -1186 1107 1118
-1209 -1193 1079 1081
-1206 -1204 1114 1115
-1204 -1188 1113 1115
-1214 -1200 1081 1092
-1210 -1208 1120 1122
-1209 -1195 1115 1126
-1218 -1202 1087 1089
-1215 -1213 1122 1123
-1213 -1197 1121 1123
-1223 -1209 1089 1100
-1219 -1217 1128 1130
-1218 -1204 1123 1134
-1227 -1211 1095 1097
-1224 -1222 1130 1131
-1222 -1206 1129 1131
-1232 -1218 1097 1108
-1228 -1226 1136 1138
-1227 -1213 1131 1142
-1236 -1220 1103 1105
-1233 -1231 1138 1139
-1231 -1215 1137 1139
-1241 -1227 1105 1116
-1237 -1235 1144 1146
-1236 -1222 1139 1150
-1245 -1229 1111 1113
-1242 -1240 1146 1147
-1240 -1224 1145 1147
-1250 -1236 1113 1124
-1246 -1244 1152 1154
-1245 -1231 1147 1158
-1254 -1238 1119 1121
-1251 -1249 1154 1155
-1249 -1233 1153 1155
-1259 -1245 1121 1132
-1255 -1253 1160 1162
-1254 -1240 1155 1166
-1263 -1247 1127 1129
-1260 -1258 1162 1163
-1258 -1242 1161 1163
-1268 -1254 1129 1140
-1264 -1262 1168 1170
-1263 -1249 1163 1174
-1272 -1256 1135 1137
-1269 -1267 1170 1171
-1267 -1251 1169 1171
-1277 -1263 1137 1148
-1273 -1271 1176 1178
-1272 -1258 1171 1182
-1281 -1265 1143 1145
-1278 -1276 1178 1179
-1276 -1260 1177 1179
-1286 -1272 1145 1156
-1282 -1280 1184 1186
-1281 -1267 1179 1190
-1290 -1274 1151 1153
-1287 -1285 1186 1187
-1285 -1269 1185 1187
-1295 -1281 1153 1164
-1291 -1289 1192 1194
-1290 -1276 1187 1198
-1299 -1283 1159 1161
-1296 -1294 1194 1195
-1294 -1278 1193 1195
-1304 -1290 1161 1172
-1300 -1298 1200 1202
-1299 -1285 1195 1206
-1308 -1292 1167 1169
-1305 -1303 1202 1203
-1303 -1287 1201 1203
-1313 -1299 1169 1180
-1309 -1307 1208 1210
-1308 -1294 1203 1214
-1317 -1301 1175 1177
-1314 -1312 1210 1211
-1312 -1296 1209 1211
-1322 -1308 1177 1188
-1318 -1316 1216 1218
-1317 -1303 1211 1222
-1326 -1310 1183 1185
-1323 -1321 1218 1219
-1321 -1305 1217 1219
-1331 -1317 1185 1196
-1327 -1325 1224 1226
-1326 -1312 1219 1230
-1335 -1319 1191 1193
-1332 -1330 1226 1227
-1330 -1314 1225 1227
-1340 -1326 1193 1204
-1336 -1334 1232 1234
-1335 -1321 1227 1238
-1344 -1328 1199 1201
-1341 -1339 1234 1235
-1339 -1323 1233 1235
-1349 -1335 1201 1212
-1345 -1343 1240 1242
-1344 -1330 1235 1246
-1353 -1337 1207 1209
-1350 -1348 1242 1243
-1348 -1332 1241 1243
-1358 -1344 1209 1220
-1354 -1352 1248 1250
-1353 -1339 1243 1254
-1362 -1346 1215 1217
-1359 -1357 1250 1251
-1357 -1341 1249 1251
-1367 -1353 1217 1228
-1363 -1361 1256 1258
-1362 -1348 1251 1262
-1371 -1355 1223 1225
-1368 -1366 1258 1259
-1366 -1350 1257 1259
-1376 -1362 1225 1236
-1372 -1370 1264 1266
-1371 -1357 1259 1270
-1380 -1364 1231 1233
-1377 -1375 1266 1267
-1375 -1359 1265 1267
-1385 -1371 1233 1244
-1381 -1379 1272 1274
-1380 -1366 1267 1278
-1389 -1373 1239 1241
-1386 -1384 1274 1275
-1384 -1368 1273 1275
-1394 -1380 1241 1252
-1390 -1388 1280 1282
-1389 -1375 1275 1286
-1398 -1382 1247 1249
-1395 -1393 1282 1283
-1393 -1377 1281 1283
-1403 -1389 1249 1260
-1399 -1397 1288 1290
-1398 -1384 1283 1294
-1407 -1391 1255 1257
-1404 -1402 1290 1291
-1402 -1386 1289 1291
-1412 -1398 1257 1268
-1408 -1406 1296 1298
-1407 -1393 1291 1302
-1416 -1400 1263 1265
-1413 -1411 1298 1299
-1411 -1395 1297 1299
-1421 -1407 1265 1276
-1417 -1415 1304 1306
-1416 -1402 1299 1310
-1425 -1409 1271 1273
-1422 -1420 1306 1307
-1420 -1404 1305 1307
-1430 -1416 1273 1284
-1426 -1424 1312 1314
-1425 -1411 1307 1318
-1434 -1418 1279 1281
-1431 -1429 1314 1315
-1429 -1413 1313 1315
-1439 -1425 1281 1292
-1435 -1433 1320 1322
-1434 -1420 1315 1326
-1443 -1427 1287 1289
-1440 -1438 1322 1323
-1438 -1422 1321 1323
-1448 -1434 1289 1300
-1444 -1442 1328 1330
-1443 -1429 1323 1334
-1452 -1436 1295 1297
-1449 -1447 1330 1331
-1447 -1431 1329 1331
-1457 -1443 1297 1308
-1453 -1451 1336 1338
-1452 -1438 1331 1342
-1461 -1445 1303 1305
-1458 -1456 1338 1339
-1456 -1440 1337 1339
-1466 -1452 1305 1316
-1462 -1460 1344 1346
-1461 -1447 1339 1350
-1470 -1454 1311 1313
-1467 -1465 1346 1347
-1465 -1449 1345 1347
-1475 -1461 1313 1324
-1471 -1469 1352 1354
-1470 -1456 1347 1358
-1479 -1463 1319 1321
-1476 -1474 1354 1355
-1474 -1458 1353 1355
-1484 -1470 1321 1332
-1480 -1478 1360 1362
-1479 -1465 1355 1366
-1488 -1472 1327 1329
-1485 -1483 1362 1363
-1483 -1467 1361 1363
-1493 -1479 1329 1340
-1489 -1487 1368 1370
-1488 -1474 1363 1374

300000 5 123 5 174 1001 3 3
500000 500001 500000 500001
2 3 999998 999999
400000 400001 400000 400001
999998 999999 2 3
300000 600001 300000 600001

20 1 4 3 5 223 1000 100
-10235 22222 -3425 80003

200 200 22 11 2 5741 10 6
467 485 199 280
345 390 238 460
182 385 52 483
301 330 125 294
434 464 95 365
196 456 104 200
118 483 233 309
389 465 52 322
134 136 340 389
267 348 60 225
321 445 448 486
455 474 349 494
231 456 375 409
141 169 274 403
379 408 53 164
407 436 371 397
174 398 489 498
376 389 9 15
181 206 469 489
398 467 107 198
73 89 127 384
396 402 453 488
476 484 459 493
481 493 152 338
21 71 338 451
408 447 277 397
142 497 352 390
55 137 19 256
270 429 153 483
38 410 493 495
227 268 429 473
273 465 488 500
119 464 8 68
73 124 332 349
54 399 45 102
278 417 58 371
83 246 390 445
204 326 293 425
117 375 323 411
469 472 209 325
381 423 186 273
404 471 307 482
139 408 105 210
35 337 44 92
218 392 285 398
448 482 479 480
261 386 216 433
434 482 449 468
294 314 56 166
393 424 327 464
408 410 438 486
139 209 449 488
136 365 332 409
36 291 156 465
107 244 249 287
395 422 397 423
248 321 206 340
76 360 424 480
383 411 228 495
395 476 219 479
103 454 278 361
475 486 49 344
109 206 256 364
432 471 330 415
149 236 399 492
60 323 326 425
16 95 1 152
121 282 440 477
359 432 78 493
451 474 416 444
116 394 81 483
17 156 452 487
130 201 186 408
182 260 365 367
444 447 131 188
378 431 458 470
36 179 56 489
496 498 231 460
441 479 355 434
307 380 423 429
254 410 145 376
290 369 265 320
304 430 290 349
124 323 384 424
226 389 168 397
154 218 111 362
274 441 382 398
413 467 10 74
215 311 48 238
262 355 162 328
134 188 355 409
281 282 60 320
343 370 260 322
233 297 224 249
29 444 437 473
177 340 366 470
197 344 394 489
465 491 79 430
184 434 414 445
447 462 335 394
344 495 369 461
179 232 172 220
351 433 461 491
485 493 201 240
55 184 58 316
78 189 50 251
39 63 485 490
46 304 253 467
497 500 300 460
403 425 303 363
338 477 487 489
162 297 331 374
290 338 16 437
145 363 199 453
186 470 139 146
132 384 326 442
5 436 447 479
169 206 395 418
356 378 380 405
34 419 403 442
38 359 458 469
106 306 163 450
169 291 309 489
70 143 177 429
468 474 139 210
228 271 400 441
203 472 291 305
322 407 493 495
101 172 409 437
208 247 65 71
179 456 167 251
474 475 375 403
54 196 347 453
83 119 157 169
321 326 285 459
495 499 112 319
74 121 158 473
348 388 237 317
196 297 448 452
452 470 205 441
127 162 41 154
146 175 452 456
130 213 392 482
297 299 211 494
260 469 483 487
374 375 7 340
172 346 64 327
119 134 475 482
85 296 33 225
259 414 230 397
413 470 498 499
432 460 398 489
93 486 178 419
104 199 406 427
148 320 249 398
336 479 131 310
238 493 110 486
196 324 136 500
90 116 196 208
86 337 253 492
77 203 262 464
65 364 103 150
455 477 472 484
361 488 121 265
345 450 366 480
398 460 468 472
304 474 426 478
185 342 161 404
105 367 26 431
372 443 446 488
236 384 36 483
319 372 130 231
36 377 151 383
180 377 400 485
372 443 465 486
289 392 457 462
82 499 388 464
197 434 146 277
439 475 222 446
463 478 327 331
486 487 357 437
43 297 389 398
222 239 76 169
290 497 471 473
438 495 443 478
95 155 291 327
248 393 152 202
200 444 236 269
327 500 230 275
37 229 363 397
28 296 367 373
147 339 199 457
83 389 369 431
152 159 11 285
53 314 412 490
145 434 30 312
157 267 406 486
426 461 384 484
77 249 306 449
449 464 466 474

250000 5 1 113 1127 1001 113 113
23 59 45 89
11 12 13 14
100 110 100 300
65 79 1 500
7 8 501 502

150000 30 1 7 1 3001 1000 1500
-1000000000 1000000000 -1000000000 1000000000
-999000000 999000000 -999000000 999000000
-998000000 998000000 -998000000 998000000
-997000000 997000000 -997000000 997000000
-996000000 996000000 -996000000 996000000
-995000000 995000000 -995000000 995000000
-994000000 994000000 -994000000 994000000
-993000000 993000000 -993000000 993000000
-992000000 992000000 -992000000 992000000
-991000000 991000000 -991000000 991000000
-990000000 990000000 -990000000 990000000
-989000000 989000000 -989000000 989000000
-988000000 988000000 -988000000 988000000
-987000000 987000000 -987000000 987000000
-986000000 986000000 -986000000 986000000
-985000000 985000000 -985000000 985000000
-984000000 984000000 -984000000 984000000
-983000000 983000000 -983000000 983000000
-982000000 982000000 -982000000 982000000
-981000000 981000000 -981000000 981000000
-980000000 980000000 -980000000 980000000
-979000000 979000000 -979000000 979000000
-978000000 978000000 -978000000 978000000
-977000000 977000000 -977000000 977000000
-976000000 976000000 -976000000 976000000
-975000000 975000000 -975000000 975000000
-974000000 974000000 -974000000 974000000
-973000000 973000000 -973000000 973000000
-972000000 972000000 -972000000 972000000
-971000000 971000000 -971000000 971000000

10050 5 3 123 17 1000001 5 5
10 100 10 150
20 30 20 30
60 70 150 160
120 130 160 170
60 70 80 180

100 30 1 7 1 3001 1000 1500
-1000000000 1000000000 -1000000000 1000000000
-999000000 999000000 -999000000 999000000
-998000000 998000000 -998000000 998000000
-997000000 997000000 -997000000 997000000
-996000000 996000000 -996000000 996000000
-995000000 995000000 -995000000 995000000
-994000000 994000000 -994000000 994000000
-993000000 993000000 -993000000 993000000
-992000000 992000000 -992000000 992000000
-991000000 991000000 -991000000 991000000
-990000000 990000000 -990000000 990000000
-989000000 989000000 -989000000 989000000
-988000000 988000000 -988000000 988000000
-987000000 987000000 -987000000 987000000
-986000000 986000000 -986000000 986000000
-985000000 985000000 -985000000 985000000
-984000000 984000000 -984000000 984000000
-983000000 983000000 -983000000 983000000
-982000000 982000000 -982000000 982000000
-981000000 981000000 -981000000 981000000
-980000000 980000000 -980000000 980000000
-979000000 979000000 -979000000 979000000
-978000000 978000000 -978000000 978000000
-977000000 977000000 -977000000 977000000
-976000000 976000000 -976000000 976000000
-975000000 975000000 -975000000 975000000
-974000000 974000000 -974000000 974000000
-973000000 973000000 -973000000 973000000
-972000000 972000000 -972000000 972000000
-971000000 971000000 -971000000 971000000

200000 30 20 73 15 3001 5 4
0 216 14500 14926
500 743 14000 14478
1000 1295 13500 13810
1500 1541 13000 13343
2000 2084 12500 12963
2500 2534 12000 12323
3000 3348 11500 11969
3500 3734 11000 11183
4000 4346 10500 10844
4500 4635 10000 10249
5000 5128 9500 9662
5500 5938 9000 9393
6000 6354 8500 8746
6500 6673 8000 8030
7000 7379 7500 7848
7500 7697 7000 7157
8000 8123 6500 6562
8500 8648 6000 6078
9000 9264 5500 5727
9500 9674 5000 5275
10000 10222 4500 4564
10500 10989 4000 4457
11000 11191 3500 3797
11500 11662 3000 3221
12000 12389 2500 2794
12500 12502 2000 2428
13000 13431 1500 1910
13500 13961 1000 1364
14000 14193 500 568
14500 14806 0 175
